297 2359
2 3 4 5 6 7 8 9 10 135 202
1 11 116 13 85 130 8 131 132 73 75 8 17 102 103 109 114 116 117 125 128 130 131 132 136 137 139 141 142 143 194 196 215 242
1 68 152 153 154 155 156 157 158 159 13 87 119 5 160 161 162 163 164 165 166 167 168 169 170 185 186 126 9 174 187 176 177 178 179 180 181 182 183 184 5 8 13 17 21 22 64 68 73 85 88 90 99 100 102 110 112 115 119 122 126 130 171 173 185 194 195 202 204 205 208 213 221 225 226 227 240 249 256 258
1 152 155 156 13 118 160 161 162 163 169 196 126 174 187 197 179 180 181 183 198 190 6 8 9 12 13 15 28 32 51 59 63 64 66 83 87 91 92 93 94 99 102 107 109 112 115 126 138 173 214 217 225 240
1 3 152 155 156 3 119 160 161 162 163 169 196 173 174 175 197 179 180 181 183 198 190 9 10 15 16 19 32 42 53 54 68 72 77 83 85 88 91 93 100 103 109 110 120 126 138 150 173 188 204 205 208 214 225 227
1 11 12 13 4 14 15 9 9 10 60 71 104 128 202
1 28 51 35 24 36 48 49 44 47 73 89 95 26 74 75 78 76 8 14 31 35 44 48 49 53 60 74 75 76 78 92 100 104 106 108 109 110 111 112 136 138 202 210
1 2 2 3 4 7 60 74 10 32 59 60 61 83 91 92 100 108 131 135
1 3 6 103 109 236 4 5 214 6 194 15 104 215 37 64 66 68 124 194 196 204
1 109 237 5 214 219 6 8 104 25 53 64 68 106 112 194 196
2 6 103 209 139 125 143 14 15 116 125 127 136 137 139 209
6 13 119 4 14 15 15 55 66 101 104 138
2 3 4 6 12 17 152 153 154 155 156 157 158 159 3 85 118 4 160 161 162 163 164 165 166 167 168 169 169 170 171 172 173 174 175 176 177 178 179 180 181 182 183 184 15 17 21 22 64 68 86 87 92 94 96 112 117 118 120 126 130 131 132 133 138 139 171 173 185 194 195 202 204 212 225 227 240 242 248 256 257 258 259 262
6 11 12 7 35 210 24 36 48 49 44 47 89 74 75 78 76 15 35 48 49 54 60 64 66 71 74 75 76 78 101 103 104 115 117 121 138 139 202 210
6 9 11 12 115 12 13 87 119 4 5 14 76 19 54 55 60 61 72 77 91 115 128 133 135 194
17 5 18 19 20 21 22 23 24 25 26 27 19 60 91 217
13 16 114 2 115 93 116 117 13 3 85 118 119 120 99 121 20 23 74 242
16 42 23 24 54 45 19 20 43 54 71
16 5 72 16 18 15 24 36 48 44 52 73 74 75 76 77 64 72 73
16 17 18 71 21 60 23 47 81 60 63 71 101
16 20 13 3 133 131 210 211 90 74 75 76 28 59 63 66 69 72 122
16 107 13 3 86 74 75 78 76 28 33 53 56 58 59 69 70 72 84 122 240
16 17 18 20 56 27 41 43 55 57 60 71 72 102 102 117
7 14 16 18 19 47 45 42 44 47 49 51 54 59 69 76 83 91 92 210 241
10 16 49 45 59 64 242
7 16 191 84 94 210
16 23 52 50 65 45 71
7 29 4 30 31 32 33 21 22 34 35 36 37 38 39 40 32 60 91 241
28 123 115 111 135 151
28 51 31 34 36 45 31 32 33 43 92
28 30 30 33 7 60 34 52 50 65 39 53 33
28 4 5 59 28 46 30 67 8 36 48 49 47 50 74 75 78 76 48 59 67 68 91 122 212
28 31 30 31 22 60 34 44 50 82 53 60 67
28 30 31 33 69 39 43 46 53 58 60 62 107 206
7 14 28 14 7 48 44 73 38 113 75 45 64 78
7 14 19 28 30 32 44 45 44 48 51 56 57 77 78 84 92 217
9 28 50 94 45 69 72 94 237 242
28 35 191 53 70 214
28 31 51 34 44 50 65 45 67
28 60 93 93 128 135 146 149 150 150 151 226
42 43 23 44 45 42 43 55 57 72
18 41 5 41 24 48 49 44 47 50 45 63 64 72 84
41 85 87 120 99 219 168 233 169 138 41 46 18 30 186 173 23 34 174 78 126 138 172 173 185 186 207 218
7 14 19 33 35 36 39 41 42 7 24 36 45 51 72 77 88 92 94
18 24 25 27 30 35 36 37 39 41 42 44 46 47 48 49 50 51 52 57 61 62 65 74 75 76 78 86 88 90 94 97 98 105 113 131 133 134 143 143 152 153 154 155 156 157 158 159 160 161 162 163 164 165 166 167 168 169 170 176 177 178 179 180 181 182 183 184 188 189 190 192 192 193 196 197 198 200 201 203 205 208 210 211 215 220 222 228 231 232 233 234 235 238 239 239 245 246 247 250 251 252 254 255 263 264 265 266 267 268 269 270 271 272 273 274 275 276 277 278 279 280 281 282 283 283 284 285 285 286 287 288 289 290 291 292 293 294 295
32 43 34 47 45 51 58 59
7 14 20 24 32 42 46 24 80 45 51 54 59 62 83 88 210
7 14 19 32 35 42 32 14 7 36 49 215 45 49 51 63 64 67 70 88 91 94 131 133 215
7 14 25 32 42 48 214 14 7 24 48 45 51 53 63 68 70 88 91 93 94 131 133 210 211 215
27 31 32 33 37 39 42 45 55 58 60 62 63 71
7 30 39 4 46 24 36 48 49 44 47 52 53 45 59 67 70
19 27 31 51 45 55 57 58 67 71
31 51 100 85 87 5 33 7 22 10 34 49 38 70 88 100 104 106
18 87 5 18 14 15 60 91 24 47 79 76
12 41 56 15 23 52 50 57
23 55 22 36 79 60 63 72
55 41 23 36 52 45 72 226
59 46 22 60 34 61 52 50 62
32 58 4 96 46 51 32 69 8 21 22 24 47 88 25 89 86 62 70 83 60 68 70 91 241
8 20 31 33 54 58 106 103 109 100 6 72 59 16 28 67 56 69 20 33 14 7 15 8 23 34 50 65 92 40 63 64 67 68 71 103 196
58 15 8 45 62 86 90 97
58 59 34 47 61 50 83 45 96
64 4 42 56 20 21 60 48 49 50 65 66 64
63 102 13 3 4 226 72 130 42 63 19 14 216 9 10 60 35 210 48 94 25 95 82 86 84 68 96 130 226
27 31 39 60 63 75 45 67 71 105 113 196 210
63 12 85 4 99 14 21 9 84 94 104 202
32 60 68 51 32 69 33 60 48 52 65 39 70 70
3 67 107 64 13 3 119 5 99 219 59 130 225 32 9 10 60 49 88 213 96 130 207 225
34 59 60 67 21 22 24 37 80
59 67 87 59 51 67 22 48 49 88 89 38 90 53
20 6 18 20 14 60 23 52 50 65 27
19 60 64 5 41 42 19 56 15 21 22 23 91 44 94 37 95 90 57 84 77 84 91 94 217
2 7 19 35 115 3 19 133 131 215 94 96 113 133 134 138 214 223
7 8 14 17 19 21 22 32 14 7 76 45 76 77 83 91 115 131 210 213 219
2 7 14 19 21 22 32 35 65 14 7 45 77 78 83 91 131 133 212 219 237
7 14 15 19 21 22 32 54 74 14 7 210 24 74 45 91 107 210 219
19 72 5 15 36 44 74 75
7 14 22 32 43 14 7 35 36 75 45 91 92 102 133 236 237
54 56 191 92 94 126 207
47 69 191 92 173
20 191
33 64 191
59 62 4 5 8 24 47 74 75
64 72 85 72 42 22 36 26 86 66
2 13 17 43 53 66 84 152 153 156 157 158 159 3 87 119 5 188 164 143 176 181 189 190 191 87 99 102 107 112 117 118 120 121 122 124 126 130 131 133 138 173 194 200 202 203 204 206 207 214 216 225 227 242
22 59 64 84 13 61 212 45 109 121 138 196 199 219 236
3 15 43 53 54 70 85 152 153 156 157 158 159 13 85 118 4 188 164 192 176 181 189 190 191 88 94 99 102 107 110 111 112 115 119 120 122 126 130 131 133 150 173 199 200 202 204 205 206 207 208 216 225 242
59 68 70 107 237 110 3 87 118 5 120 104 48 49 44 47 53 45 110 143 151 215
7 14 59 70 191 241
21 70 72 3 61 213 45 103 106 124 138 237
54 72 4 5 214 219 188 72 59 16 28 32 15 8 133 131 24 48 49 74 75 78 76 92 120 126 131 133 240
60 91 13 4 30 7 8 24 36 44 79 80 78
17 4 5 49 40 40
37 64 72 73 102 115 217 236 142 13 87 4 72 48 49 44 37 26 79 105 66 45 132 146 217
7 64 72 191
59 64 68 241 13 199 120 143 126 173 208 205 73 242 62 143 205 207 208 241
98 61 45 126 128 173 207
97 167 228 222 45 166 167 168 177 178 188 196 196 251 252 254 255 279 281
17 43 66 68 3 85 87 119 4 203 199 120 207 192 126 173 208 146 187 102 122 124 151 185 199 203 205 206 207 208 216 226 227 257
53 60 108 3 5 7 8 53 106 135 138
102 103 12 20 14 104 105 103 117 121
64 94 101 2 115 3 85 87 4 99 225 133 23 23 78 114 204 209
9 11 60 101 101 114 2 115 136 137 5 138 14 60 133 90 105 104 114 121 137 138 143 192 209
9 10 88 101 103 109 202 12 6 138 192 14 7 66 53 106 111 117 124 138 140 199
94 101 103 223 65 132 45 124 138 150 224
60 107 108 109 110 100 111 112 7 10 104 90 113 53 108 110 111 112 136 140 199
22 68 88 106 85 87 4 120 131 34 210 76 110 123 131
100 106 106 109 140 192 7 8 116 125 129 136 140
9 10 60 104 106 108 123 2 115 4 5 138 7 131 86 113 111 123 140 143 192
88 106 107 106 123 115 3 87 118 119 5 143 112 7 88 122 144 192 206
106 106 109 29 87 7 104 113 140 192 199
106 110 106 202 13 3 85 87 4 199 188 234 194 126 173 146 7 10 131 191 188 196 199 206 227
35 106 109 111 224 65 73 45 138 199 223
17 103 102 2 150 103 116 141 142 125 192 216 116 117 128 136 139 141 142 146 150 192
15 17 29 73 94 102 103 109 110 3 87 4 14 15 133 131 132 74 134 116 121 122 123 125 130 134 136 139 143 148 194 196 211 225 240
2 17 114 127 129 114 123 2 115 11 108 140 139 125 122 123 128 129 137 140
17 101 114 2 142 13 85 118 119 14 133 23 104 143 192
4 13 17 87 88 110 117 152 153 154 157 158 13 85 119 160 161 162 163 164 167 168 193 194 171 195 126 174 187 177 179 180 182 183 119 120 122 126 130 143 150 171 173 185 192 199 202 225 227 256 257 258 262
3 5 12 15 17 68 85 99 110 117 118 152 153 154 157 158 3 87 118 160 161 162 163 164 167 168 193 194 185 195 173 174 175 177 179 180 182 183 122 124 126 130 150 151 171 173 185 195 202 204 205 208 217 221 225 227 229 258
17 43 88 96 99 107 13 85 87 118 5 200 124 143 126 173 205 149 206 91 175 124 126 131 143 150 171 192 199 200 202 205 206 208 221
17 101 115 103 85 14 86 143 192 209
123 115 116 110 3 85 87 118 119 124 99 125 32 126 21 22 123 124 125
29 109 110 116 122 107 122 115 109 116 140 125 206 125 139 144 148 149 151
120 122 122 202 85 119 203 199 120 99 204 146 9 104 90 105 201 150 199 200 203 204 216 229 230 260
11 114 116 122 123 122 123 2 115 11 108 139 136 137 144
3 4 96 99 112 118 120 122 152 155 13 3 85 87 118 119 4 5 120 188 161 233 169 193 170 254 138 185 172 173 43 257 97 91 79 255 263 264 265 266 267 268 138 172 173 178 202 206 207 217 218 225 226 227 249 256 257 258 259
116 128 11 128 209
127 127 114 2 116 6 15 97 40 141
116 108 116 135 140
2 64 68 64 68 2 115 13 3 85 87 118 119 138 225 173 225 240
2 21 73 91 107 109 112 115 107 2 13 85 87 120 214 8 91 48 49 211 212 213 74 75 45 132 138 143 199 206 212 213 214 216 219
2 105 115 2 13 133 131 94 134 210 219 224 226
21 73 91 102 103 115 117 132 13 85 87 15 91 48 49 211 73 212 213 75 78 45 134 192 212 213 214 216 219
115 115 220 133 215 132 73 174 197 179 180 201 198 45 138 197 203 225
129 136 29 100 1 15 8 40
103 135 106 114 2 115 11 108 139 125 7 137 140 144 209
103 2 11 103 136 116 142 139 125
43 103 104 109 126 130 103 202 12 100 13 85 4 5 233 169 193 170 254 186 126 43 14 7 131 104 73 212 213 90 86 105 113 178 134 255 172 173 186 202 214 218 219 225 229 230 242 248 249 259 260 262
11 116 125 136 137 114 123 2 115 11 13 14 144
108 116 123 106 129 108 109 136 116 111 206 104 148
114 114 2 128 142 150 209
94 114 117 137 141 114 2 150 145 145 146 150 192
11 85 96 110 120 2 115 103 109 158 117 118 203 120 121 96 164 165 170 192 205 149 206 131 88 174 187 182 183 239 246 245 45 45 147 149 151 192 200 206 239 246 262 283 285
123 136 110 139 125
142 142 146 146
99 112 124 145 114 145 142 188 220 196 194 192 94 201 40 150 200 203 219 227 229 230 285
148 143 149 151 192
147 123 115 151 140 149 151
120 143 147 123 148 200 188 220 196 194 143 206 201 40 199 204 214 227 246
114 142 114 217 141 142 87 118 119 5 203 200 199 124 120 146 216 105 40 40
148 123 29 147 148 119 203 200 99 192 143 206 88 40
3 4 5 13 85 87 118 119 126 160 201 45 173 188 231
3 13 85 87 118 119 166 250 269 45 254
3 13 118 119 162 167 168 250 228 45 178 254
3 4 5 13 126 161 198 45 173 231
3 4 5 13 85 87 162 198 190 45 190 198 233
3 13 85 87 118 119 190 232 45 169
3 13 85 87 118 119 143 163 232 235 45 192 193
3 13 85 87 164 235 270 45 193
3 4 5 13 118 119 152 201 198 45 207 207 220
3 4 5 13 118 119 126 155 220 201 198 190 45 173 188
3 4 5 13 118 119 154 156 163 234 190 232 45 234
3 4 5 13 118 119 158 162 164 276 232 235 270 45 276
3 13 85 87 118 119 143 159 163 165 277 270 272 45 192
3 13 143 164 166 277 274 269 45 273 277
3 13 153 165 167 98 250 228 45 278
3 13 98 118 119 154 166 168 98 228 222 45 178 196 227 227 229
3 13 43 118 119 154 167 98 228 222 45 178 251 260
3 4 5 13 13 43 126 138 157 234 276 190 232 235 270 45 173
3 13 126 138 143 271 273 277 278 235 270 272 274 45 173
13 118 13 3 118 119 120 256 208 257 173 178 195 259
13 126 214 138 186 126 218 43 247 191 186 203 218 219
5 13 43 96 99 112 119 120 126 202 152 155 13 3 85 87 118 119 4 5 188 161 233 169 193 170 254 138 130 171 186 126 43 221 97 80 255 263 264 265 266 267 268 178 185 186 202 204 205 206 207 208 217 221 227 241 248 258 260 262
3 4 5 13 43 118 119 134 143 179 188 192
5 13 119 120 191 188
3 13 85 87 278 177 45 247
3 13 118 119 176 98 178 250 228 45 178 227 227
3 13 138 177 154 167 168 254 98 171 126 173 177 222 184 45 184 221 222 255 256 257 258 259 260
3 4 5 13 118 119 134 174 220 180 201 198 45 197 238
3 4 5 13 118 119 134 179 220 234 181 198 190 45
3 4 5 13 85 87 180 234 182 232 45
3 13 118 119 143 181 276 183 232 235 45
3 4 5 13 118 119 143 182 276 189 45 192
3 13 178 178 45 285
3 119 126 13 3 118 119 99 195 173 43 257 260
3 43 138 172 173 219 138 172 173 218 43 247 191 200 214 262
3 4 99 118 143 191 192
85 87 91 112 126 146 149 173 152 5 200 161 220 98 112 221 174 175 222 45 196 200 203 204 205 208 246 285
85 87 183 277 280 270 272 45
4 5 85 87 156 157 161 162 169 180 156 238 45 205 208 231 233 234 238 246
26 38 79 80 81 82 85 87 89 95 112 172 175 186 187 196 204 205 208 214 218 219 225 227 227 243 244 248 249 253 296 297
87 99 104 108 114 143 146 151 114 103 109 158 117 110 147 142 118 203 120 121 111 164 143 216 133 174 187 183 239 245 45 45 203 226 261
118 119 126 138 173 158 159 276 277 232 235 270 272 45
9 112 118 119 146 149 2 115 13 3 85 214 219 196 15 9 10 215 211 196 204 245 284
118 119 185 13 3 119 227 171 205 205 208
4 5 146 149 194 2 115 214 219 188 167 98 98 194 251 112 9 10 60 65 215 211 86 45 191 227 245 284
4 5 134 220 179 134 201 45 201
4 5 134 155 156 160 161 179 180 156 238 45 220 231 233 238 246
96 99 112 124 150 106 87 118 200 124 120 99 111 112 149 131 104 86 113 201 206 226 229
120 149 150 151 188 199 85 87 203 227 124 120 188 143 186 146 228 45 203 205 208 245 284
124 134 146 149 152 160 161 179 197 199 220 197 45 220 231 239 246 283
104 112 124 138 173 13 3 85 87 118 119 120 1 6 138 126 173 204 14 7 66 204
99 124 143 150 151 192 200 85 200 227 124 99 188 192 172 146 134 228 45 206 227 229 245 284
124 202 102 202 13 3 85 87 119 5 124 188 234 194 173 149 9 191 216 219 227
96 120 143 195 3 87 119 5 200 227 120 99 188 226 96 220 234 195 173 208 253 221 206 239 246 222 190 232 45 191 208 226 227 251
120 123 140 143 149 151 205 110 85 87 203 199 120 99 143 126 173 112 131 34 208
99 68 85 87 99 226 96 160 160 126 173 43 97 79 214 218
96 99 171 205 3 87 119 5 200 227 120 99 188 96 220 234 195 173 205 253 257 206 239 246 222 190 232 45 191 226 227
11 102 127 11 103 136 141 121
14 21 64 76 107 14 7 24 49 47 65 132 26 74 76 45
21 131 133 194 196 115 214 219 49 45 212
86 131 133 138 13 32 133 131 211 75 236
68 90 131 133 138 3 133 131 74 237
9 10 49 91 131 172 194 196 211 85 4 5 207 138 186 218 149 133 131 73 38 191 215 218
9 48 73 134 194 196 2 214 219 48 49 88 45 240
64 114 150 192 217 85 87 124 99 204 133 131
94 150 216 119 4 226 72 16 126 173 36 94 240 240
172 186 214 214 207 138 172 126 43 191 219
10 43 68 91 186 194 196 211 215 138 172 218 204 146 133 131 132 86 74 75 76 191
134 146 149 161 179 180 188 197 201 205 208 160 201 198 45 231 233 238 246 283
173 188 205 3 119 120 173 253 257 178 257
98 167 168 178 188 205 208 178 45 285
105 73 113
113 132 105
68 102 130 68 115 13 3 85 87 118 119 4 5 138 130 126 134 191
64 205 207 217 64 3 199 99 192 126 208 205 132 57 40
195 200 203 205 208 13 3 85 118 119 5 203 99 167 167 196 229 230 126 173 208 205 204 112 146 149 177 177 191 191 229 230
98 154 166 167 168 177 200 203 45 254 285
227 119 203 227 199 124 167 138 230 256 258 146 230
227 229 227 124 138 229 256 258 146
152 155 220 201 198 190 232 45
157 158 162 163 169 181 182 193 205 208 231 45 233 234 239 246
43 126 138 173 156 220 234 198 190 232 235 45
112 162 169 180 181 204 205 208 233 162 190 232 45 238 239 246 263 264 285
158 159 163 169 170 182 193 233 45 246 276
9 94 212 86 78
10 88 37 213 90 75 78
190 198 220 234 179 239 198 190 45
143 192 205 208 238 234 143 201 232 45 45 246 283
217 115 217 13 3 4 130 22 91 215
96 96 59 28 173 24 89
96 17 2 13 85 87 138 25 37
191
191
143 192 203 200 196 194 246 284 45 284 285
143 205 208 245 188 220 234 276 277 143 149 253 283 239 284 201 198 190 232 235 270 272 45
172 186 278 176 274 269 45 280
13 138 173 249 191 249
248 3 138 126 248 191
153 154 166 177 45 254 278 285
196 168 98 205 45
98 45
205 208 221 246 191 257
126 138 173 178 153 154 98 250 228 274 269 45
126 138 173 98 178 45
171 229 230 13 3 118 258 126 178 258
126 171 185 208 221 13 118 99 126 253 221 178
229 230 256 13 3 118 119 256 126 173 178
13 138 171 126 178 260
124 168 138 185 259 173 178
192
13 118 138 143 186 173
126 173 234 45
126 173 234 276 45
126 173 276 45
126 173 276 277 45
126 173 277 45
126 173 277 278 45
153 165 247 254 45 275 278 279 285
159 163 164 169 170 189 193 246 45 271 276 279
170 270 272 45
164 170 189 193 246 271 45 273 277 279 285
170 165 272 274 45
165 170 247 254 273 45 275 277 279 285
274 269 45 279
163 169 182 183 193 246 264 265 266 163 235 270 45 285
164 165 170 189 193 246 266 267 268 165 272 274 45 280 284 285
170 176 247 268 166 250 269 45 279 281 282 285
275 278 98 270 272 274 269 45
189 277 247 45
278 98 45
278 45
246 220 143 239 201 45 45
245 246 203 200 277 196 194 245 45
188 234 276 277 278 143 146 245 250 228 222 184 272 274 269 45 45
45
45
45
45
45
45
45
45
45
45
191
191